version https://git-lfs.github.com/spec/v1
oid sha256:7a5c56f0f4a3f72687aebed2fd1008635486a2f7455e7f90da4d81d8e9b67b2a
size 12730
