version https://git-lfs.github.com/spec/v1
oid sha256:37b4846c9762a7a0b84c2bf4825e28b6cc832f3ebf53c6651f122e57af4fea23
size 11965
