version https://git-lfs.github.com/spec/v1
oid sha256:9af9cc69e49405faabc0fdda68df2685cf5e8497fd6eb66d3f1cd0cc84915613
size 3450
